evt, m, deta, e_ratio
0,16.1808,5.14341,0.804899
1,21.3526,1.97372,0.864125
2,19.9613,7.33702,0.127064
3,23.4435,4.60044,0.04019
4,17.4422,6.58113,0.654773
5,16.6799,5.78913,0.10062
6,14.2124,1.38905,0.858736
7,18.7871,9.62021,0.371621
8,15.6629,1.37957,0.270271
9,15.9528,4.15676,0.075199
10,14.5013,5.36345,0.24548
11,15.5959,1.39989,0.566096
12,16.7328,2.51147,0.0948791
13,14.1807,6.10412,0.0209906
14,16.7806,5.1831,0.0162121
15,14.2846,0.429442,0.879351
16,17.8648,1.19655,0.348089
17,14.8733,1.5724,0.4328
18,15.2911,1.32597,0.328514
19,14.809,2.76104,0.0703088
20,15.2734,0.435958,0.702455
21,18.5386,9.62573,0.0540856
22,14.7274,0.374828,0.768021
23,15.0785,1.87114,0.374433
24,14.3394,0.896106,0.659699
25,14.8642,3.77029,0.0981094
26,14.8386,3.10865,0.776681
27,15.9612,0.524048,0.563945
28,25.5198,0.542442,0.708063
29,21.2102,1.27839,0.300163
30,21.5964,1.05246,0.461835
31,16.1448,0.631027,0.527739
32,15.7815,2.70863,0.739603
33,25.8844,5.97979,0.0153117
34,19.8391,4.5346,0.315473
35,17.3417,3.17351,0.101823
36,16.5564,3.56013,0.180888
37,14.2992,2.83508,0.136254
38,15.6677,0.902046,0.599492
39,16.2492,1.49326,0.635849
40,16.7009,1.13527,0.65643
41,15.8861,1.07105,0.415069
42,24.885,2.3206,0.606117
43,16.1718,8.43259,0.460721
44,16.9846,1.8557,0.151917
45,14.2055,4.62826,0.0473148
46,15.4208,2.46351,0.177343
47,16.74,1.32999,0.297832
48,16.9828,6.9937,0.0198076
49,21.1605,1.86457,0.951831
50,17.6237,4.4725,0.0212835
51,15.0989,1.80372,0.192505
52,28.0536,9.55917,0.500214
53,17.2849,1.21997,0.422269
54,14.953,0.291919,0.836545
55,16.055,4.90658,0.0898103
56,22.6107,9.91125,0.013822
57,14.3826,3.09866,0.390647
58,15.1394,0.969212,0.457105
59,15.4459,1.24217,0.370096
60,16.2618,2.58879,0.617083
61,15.3988,5.32854,0.107795
62,15.1985,8.69656,0.160695
63,15.8789,1.50691,0.360138
64,14.518,7.42334,0.0175149
65,14.5685,5.99846,0.397499
66,14.7279,2.41354,0.170878
67,15.8405,0.0827201,0.981649
68,16.4327,0.431872,0.717866
69,16.083,1.24067,0.589293
70,16.8078,3.36685,0.0589559
71,25.03,2.8086,0.233013
72,15.4526,2.29627,0.143416
73,14.9978,0.4109,0.844277
74,14.8498,4.09412,0.42767
75,17.9081,2.56694,0.125992
76,20.7753,6.89668,0.463409
77,28.3404,0.602459,0.56765
78,17.0586,0.357312,0.704824
79,15.0675,6.46978,0.353527
80,20.5038,6.98574,0.432758
81,14.3333,0.712995,0.808211
82,15.5428,0.544544,0.735185
83,17.7026,7.5701,0.0530568
84,14.8891,2.63655,0.277642
85,16.1113,1.91148,0.178964
86,17.7782,0.0293545,0.964651
87,15.6234,1.46047,0.511222
88,14.5403,5.33601,0.219347
89,14.4221,0.695034,0.94304
90,17.6682,3.99931,0.171226
91,14.8424,3.13269,0.855442
92,30.3985,4.59699,0.0356545
93,16.6564,2.15672,0.38416
94,21.7717,5.30504,0.754025
95,20.8168,3.8121,0.125887
96,18.1085,2.1022,0.171797
97,14.148,2.21473,0.123987
98,14.9083,0.482432,0.792192
99,16.4658,1.48506,0.283338
100,17.2498,2.42137,0.281836
101,23.727,2.78738,0.265489
102,15.0025,2.05596,0.497708
103,19.4448,4.82992,0.0154031
104,15.3479,2.09546,0.293563
105,17.0147,1.21709,0.361348
106,14.4832,4.7884,0.521084
107,18.6575,2.85958,0.0653862
108,14.6265,7.18546,0.0174202
109,16.1548,2.0654,0.185912
110,14.7879,5.88886,0.0309126
111,14.7984,3.28781,0.0743754
112,18.3598,2.27137,0.122965
113,14.9054,0.458704,0.958325
114,23.5399,2.69683,0.140249
115,19.212,1.01363,0.908237
116,15.3815,3.02704,0.0686235
117,15.151,1.36089,0.503819
118,17.0223,5.35501,0.0310834
119,15.3238,2.38969,0.128761
120,16.2625,4.27905,0.283862
121,14.8345,1.47869,0.302048
122,15.853,6.70971,0.024512
123,16.1872,2.72674,0.555617
124,14.7138,5.73871,0.134575
125,14.3137,5.80843,0.614197
126,26.228,7.29032,0.413728
127,16.1065,3.27162,0.06296
128,15.2072,2.90279,0.176059
129,18.2719,4.78217,0.247661
130,17.0955,1.64703,0.288753
131,17.7491,1.13258,0.530075
132,14.6583,1.48008,0.236977
133,15.3461,2.24065,0.766739
134,14.7363,3.486,0.0878203
135,20.9341,1.41823,0.806583
136,14.3974,1.18473,0.367134
137,14.612,8.05789,0.799241
138,15.7276,0.0479608,0.908233
139,19.7867,0.751958,0.669106
140,44.5073,1.88279,0.393618
141,18.0945,2.18745,0.131417
142,27.5098,2.29439,0.148609
143,15.5516,2.2322,0.153147
144,14.6948,0.840455,0.452752
145,19.753,0.609055,0.685698
146,16.7007,1.69718,0.294938
147,15.3291,2.70609,0.126186
148,16.9341,5.11855,0.0208873
149,23.5612,4.41488,0.0599226
150,14.2091,4.96351,0.106325
151,16.2274,3.23027,0.538483
152,20.5573,0.675331,0.497495
153,15.388,2.70616,0.302471
154,18.9159,3.57282,0.0421798
155,16.0876,0.0726027,0.998856
156,23.6974,5.29032,0.236874
157,16.5146,3.12096,0.0512525
158,16.8978,1.94633,0.488966
159,15.1808,1.02367,0.401787
160,14.428,5.03835,0.251148
161,21.2459,3.69966,0.287288
162,16.5351,4.1551,0.0272308
163,16.9688,5.50252,0.0264677
164,14.6655,1.15248,0.657538
165,15.2444,3.39977,0.365066
166,20.2817,2.36124,0.314753
167,17.7804,2.43051,0.0995758
168,22.0991,4.04747,0.02835
169,14.7315,0.228155,0.88794
170,15.8325,3.74217,0.896337
171,14.4123,1.46552,0.691934
172,14.6677,1.17221,0.325766
173,16.7548,0.247028,0.840324
174,14.4315,6.59183,0.115112
175,17.5791,0.107145,0.874458
176,14.6686,4.53726,0.120539
177,31.2736,2.0586,0.497609
178,19.3144,0.162678,0.854537
179,17.5442,1.44745,0.290361
180,18.3201,0.148433,0.902053
181,16.8394,1.39417,0.30534
182,14.2721,3.65126,0.379786
183,14.6835,1.46779,0.37174
184,15.0183,0.768242,0.493136
185,15.2066,0.00329132,0.986206
186,16.0584,5.7813,0.0357314
187,16.9553,1.85622,0.22252
188,15.041,0.249981,0.903901
189,26.067,0.523279,0.819866
190,15.1139,7.43487,0.826069
191,14.497,0.502692,0.614298
192,14.7278,4.54732,0.168137
193,14.2616,6.99373,0.304834
194,16.1313,7.03273,0.0137469
195,17.5673,0.0247117,0.906631
196,15.5423,1.17254,0.519945
197,14.6469,2.97168,0.293309
198,18.5075,0.680998,0.868449
199,14.626,1.60042,0.307948
200,21.2004,4.49033,0.0424095
201,14.7646,6.18313,0.0122101
202,14.82,0.790212,0.707457
203,18.8941,3.08891,0.258019
204,19.9734,1.11419,0.348017
205,19.2189,2.06946,0.18724
206,17.1201,7.20446,0.0244587
207,14.2604,0.807956,0.736495
208,15.5259,2.27513,0.136953
209,15.3594,2.65161,0.200146
210,14.2146,2.46855,0.163081
211,22.8585,3.21317,0.606765
212,17.2104,0.575682,0.901782
213,19.1532,3.72513,0.169936
214,15.8408,3.63718,0.361542
215,14.791,0.341275,0.73093
216,16.57,2.67609,0.152628
217,14.702,1.40697,0.288451
218,16.2614,0.431319,0.602437
219,15.2264,2.46629,0.0862111
220,16.6216,7.33137,0.87959
221,14.366,0.70552,0.611669
222,15.271,5.21783,0.132834
223,16.0946,1.95198,0.489316
224,15.5457,5.84374,0.00971108
225,14.5657,2.73898,0.19029
226,15.0687,2.76446,0.0711499
227,18.6351,1.65822,0.254955
228,15.4618,0.393388,0.692583
229,17.0823,4.14431,0.182871
230,15.667,6.2921,0.0181412
231,17.3119,2.06781,0.169408
232,17.2445,2.92076,0.876434
233,15.3831,1.54157,0.5056
234,21.8704,3.39536,0.40766
235,14.3246,4.8469,0.056776
236,21.7418,6.92825,0.462233
237,27.6976,2.40954,0.373509
238,15.9144,2.19152,0.116322
239,17.8769,2.32337,0.120365
240,16.4922,3.99026,0.0879431
241,16.3036,3.02801,0.116578
242,16.1626,4.86135,0.0228253
243,16.6847,4.63064,0.648533
244,19.185,0.997744,0.383525
245,15.85,5.13424,0.0507515
246,15.6987,0.886421,0.44729
247,16.7147,0.686447,0.52196
248,15.1634,0.999201,0.415461
249,20.2887,3.85984,0.685123
250,15.0625,0.701301,0.532138
251,14.2975,3.79847,0.261587
252,14.2319,5.073,0.0830411
253,15.2705,11.8341,0.213111
254,14.5624,8.44175,0.0488854
255,16.3482,1.11888,0.338787
256,24.8705,3.32925,0.621674
257,19.2782,3.70539,0.205601
258,15.616,2.80029,0.253562
259,14.4965,0.0872279,0.987904
260,14.7589,8.1607,0.569235
261,17.0095,1.2539,0.547258
262,15.997,0.152613,0.956642
263,15.1401,3.65814,0.0451787
264,15.9414,3.35417,0.0422501
265,15.673,1.68862,0.259562
266,14.5113,2.94187,0.888887
267,14.1518,0.364797,0.728951
268,15.2938,0.632489,0.786795
269,17.0796,0.766504,0.474124
270,19.7443,4.30386,0.486335
271,15.4071,8.07842,0.126604
272,14.8464,3.11817,0.185588
273,15.5505,1.95489,0.149903
274,14.6801,2.21271,0.257478
275,16.4134,0.786205,0.905962
276,16.4815,0.149754,0.903941
277,16.8753,1.17162,0.742989
278,16.1181,9.51224,0.399274
279,15.8978,4.67537,0.0362498
280,31.3092,7.24795,0.016362
281,16.1178,0.401299,0.682517
282,14.2194,2.67098,0.138501
283,15.0018,1.19374,0.310787
284,21.6129,4.82786,0.0605769
285,31.5005,0.699976,0.706357
286,16.2718,0.610213,0.72419
287,15.9558,3.09263,0.288294
288,16.5717,0.979349,0.435235
289,16.0172,2.88409,0.15599
290,22.5088,1.2269,0.317317
291,26.1833,0.875414,0.475197
292,14.2132,8.09453,0.840928
293,17.6853,0.593119,0.597759
294,14.9433,2.20163,0.194155
295,15.1407,4.71486,0.233595
296,15.0913,7.47162,0.0999415
297,15.17,0.865105,0.910437
298,22.1078,0.143798,0.897136
299,15.197,0.659606,0.80593
300,18.401,1.55752,0.431117
301,20.7414,1.41664,0.280542
302,14.6733,2.81826,0.0892639
303,16.2651,2.26536,0.250515
304,15.6932,3.03352,0.16304
305,15.7936,2.68007,0.0943472
306,38.6104,3.46574,0.0840997
307,16.0339,1.2437,0.301871
308,16.048,2.18369,0.174749
309,14.5704,1.92546,0.192409
310,15.2709,1.64737,0.573819
311,17.6387,7.62247,0.195824
312,17.4879,5.08583,0.108232
313,15.3927,1.27254,0.551576
314,23.4759,0.670563,0.759386
315,16.7541,4.24091,0.0376276
316,19.4832,1.84784,0.706348
317,22.4999,5.41245,0.94642
318,15.1046,0.714127,0.495653
319,14.8078,1.0483,0.544785
320,14.2016,7.98855,0.432244
321,20.2055,1.27854,0.443449
322,16.2202,5.12619,0.972289
323,15.2605,3.93924,0.0663055
324,17.3232,5.38276,0.234782
325,14.7461,5.65289,0.0672148
326,14.3424,1.39981,0.40506
327,16.8659,5.0761,0.973865
328,14.4361,2.2146,0.236188
329,15.7905,3.54499,0.0374272
330,14.2577,3.85147,0.103845
331,18.6529,2.40656,0.139826
332,14.4319,6.0874,0.012246
333,16.1698,1.69859,0.818849
334,16.3859,9.75848,0.109225
335,14.7189,3.88287,0.262537
336,17.5487,3.22896,0.0961464
337,15.4529,3.28902,0.0737172
338,15.7057,1.87806,0.165341
339,22.4581,2.0197,0.186271
340,14.3058,1.79623,0.759945
341,17.6935,1.11765,0.507171
342,18.1768,1.83947,0.478055
343,14.1857,0.180125,0.83061
344,21.6408,4.17424,0.409624
345,14.4764,0.772221,0.485752
346,14.6934,0.906366,0.405715
347,16.9447,0.752005,0.425325
348,22.4056,2.18633,0.117299
349,16.6198,3.39449,0.883169
350,14.5892,0.198863,0.821901
351,15.7063,4.25676,0.131026
352,17.2839,3.85113,0.213718
353,14.1546,0.53535,0.563299
354,15.845,3.02881,0.698726
355,15.6655,0.2448,0.961499
356,18.9705,3.79483,0.502952
357,23.6886,5.37617,0.132284
358,16.089,3.8312,0.0354874
359,17.6346,3.10222,0.189879
360,15.0103,5.13509,0.0654451
361,18.1426,4.30691,0.516082
362,17.4618,7.19425,0.0194675
363,14.5463,0.110427,0.993795
364,14.7011,4.07104,0.103642
365,20.7127,2.73853,0.233838
366,16.5533,0.158788,0.86485
367,21.8316,3.49492,0.859359
368,24.3369,1.92235,0.155125
369,16.3464,1.61601,0.215888
370,17.9402,0.984059,0.425747
371,15.8989,1.43399,0.263643
372,15.4198,0.434456,0.744548
373,18.5054,1.7317,0.348984
374,14.4767,1.35621,0.453574
375,14.8336,0.819009,0.871122
376,17.3365,4.32434,0.598334
377,21.3466,3.04723,0.263948
378,17.3392,3.81053,0.0540666
379,17.4212,5.74808,0.452729
380,14.5432,5.22731,0.704398
381,14.7607,2.54523,0.163841
382,19.36,5.06741,0.0364968
383,14.6089,3.15731,0.134463
384,16.1189,1.2376,0.296113
385,15.0614,0.707999,0.745248
386,14.9616,4.86006,0.794136
387,18.2417,3.94639,0.0405678
388,14.3165,2.86055,0.167889
389,19.243,4.49382,0.480013
390,19.605,5.13787,0.145865
391,14.2391,3.4798,0.735923
392,14.5503,6.11259,0.968215
393,21.8781,0.83979,0.461971
394,16.0605,3.24607,0.05301
395,28.5806,2.8468,0.96237
396,15.0934,1.76373,0.304345
397,15.4574,4.31954,0.172501
398,14.4432,2.92973,0.0702935
399,15.5311,4.75226,0.428648
400,15.2318,4.12784,0.0398357
401,18.3176,1.10462,0.506042
402,21.6903,0.0682393,0.959887
403,19.0428,0.234628,0.815329
404,14.2976,2.21866,0.167973
405,14.8625,6.99638,0.943903
406,15.6224,2.77456,0.572913
407,15.0031,4.28395,0.0311396
408,23.1757,3.32804,0.0764243
409,17.7247,1.28119,0.277507
410,18.5469,0.273814,0.969521
411,17.4826,0.980182,0.737094
412,14.3542,4.45116,0.0577154
413,17.5954,5.98298,0.23472
414,15.4119,2.29373,0.433586
415,15.063,0.743343,0.608763
416,17.1911,1.90267,0.158691
417,17.377,1.87408,0.255159
418,14.5612,0.747442,0.590169
419,25.6019,0.500939,0.638419
420,16.4037,0.222938,0.847122
421,14.5416,0.814757,0.526321
422,16.5365,1.12683,0.358149
423,15.4542,5.39515,0.0141449
424,15.8488,3.17014,0.465494
425,18.3731,2.4995,0.165916
426,15.3599,2.15284,0.204743
427,23.7951,7.60409,0.169199
428,17.1189,2.34504,0.151732
429,15.1775,6.02061,0.722747
430,18.1349,3.38627,0.415077
431,17.5713,3.94123,0.0424278
432,22.8862,0.172622,0.899954
433,15.1265,0.767254,0.492852
434,14.2196,0.919922,0.509698
435,15.0479,3.73171,0.0432833
436,14.347,0.704089,0.537954
437,15.7053,2.43309,0.271003
438,15.0022,2.3426,0.186947
439,15.3204,4.48499,0.0461127
440,15.0898,3.32402,0.0591359
441,15.1611,0.590491,0.879528
442,15.435,1.73744,0.684448
443,15.6659,1.63503,0.270187
444,14.4557,2.62697,0.0909802
445,15.2309,2.22404,0.159991
446,20.5984,0.751156,0.499446
447,14.6442,5.89842,0.0103299
448,14.6864,1.67661,0.193083
449,16.1384,4.09101,0.109674
450,15.092,3.22411,0.157902
451,14.9352,2.20339,0.947749
452,16.8908,3.29515,0.210709
453,22.5811,1.09646,0.785043
454,18.4679,3.92233,0.0394255
455,14.8546,2.51231,0.147692
456,16.1137,7.87412,0.123282
457,16.4907,2.26739,0.224022
458,16.289,1.90303,0.15193
459,15.206,4.05077,0.0648595
460,16.0706,2.30183,0.279927
461,20.6753,2.57271,0.299101
462,22.9361,1.46581,0.406012
463,16.3641,2.00129,0.362713
464,14.6931,1.49573,0.251355
465,15.3689,3.59814,0.275888
466,14.169,7.97518,0.0350247
467,17.297,0.277043,0.736604
468,18.0613,2.98269,0.334813
469,21.3394,1.84024,0.431886
470,14.6672,4.54284,0.207453
471,14.449,0.72136,0.746086
472,29.919,2.80014,0.751659
473,18.7259,1.98917,0.285925
474,15.9122,5.69789,0.351838
475,15.0638,3.50103,0.0695884
476,14.3556,1.43897,0.296904
477,15.3291,0.61311,0.65835
478,16.1977,2.97534,0.772788
479,17.9628,4.10071,0.0720883
480,18.0712,1.42557,0.317788
481,14.9469,5.37846,0.0819233
482,15.5403,0.355875,0.94416
483,16.0263,7.28225,0.158008
484,16.5716,7.21208,0.0519282
485,14.2166,4.8616,0.0310586
486,14.3611,1.58963,0.227222
487,15.2447,4.29727,0.0721522
488,14.5172,4.19555,0.0550797
489,15.2373,3.3206,0.0912889
490,14.1558,6.93466,0.127029
491,15.0464,1.17173,0.546939
492,14.7467,3.10666,0.408841
493,14.6402,2.38797,0.56735
494,18.0251,3.32071,0.538339
495,16.1575,4.18084,0.0348746
496,14.9053,0.394312,0.709939
497,16.641,1.18728,0.458956
498,19.4107,1.26407,0.339369
499,16.303,4.19192,0.0559107
500,14.712,1.49893,0.275161
501,18.2927,4.02229,0.842222
502,17.5611,0.0832668,0.88442
503,17.6077,0.449393,0.668609
504,15.1764,5.41688,0.03421
505,16.0048,5.40795,0.0418454
506,18.2786,0.484965,0.632756
507,16.0763,5.34066,0.0897906
508,15.9734,3.58483,0.438109
509,14.2499,7.89253,0.0657273
510,18.5982,3.38721,0.574099
511,16.8229,2.99875,0.594071
512,16.6679,0.934712,0.46319
513,14.2693,4.99584,0.0182584
514,24.398,1.67952,0.718186
515,16.0156,1.69734,0.202583
516,14.5417,3.46317,0.105879
517,16.1013,2.34247,0.186776
518,14.4871,2.55503,0.0932519
519,16.12,2.30236,0.771647
520,14.4785,2.72151,0.345885
521,14.1809,2.44848,0.105578
522,15.1261,1.58961,0.315757
523,24.6571,2.19818,0.223643
524,18.1316,1.98494,0.636982
525,15.1216,0.297231,0.804389
526,15.5625,1.18754,0.880116
527,16.8015,6.07174,0.614312
528,17.3658,1.17724,0.479969
529,15.5177,3.3816,0.087417
530,24.0552,6.96385,0.00904282
531,16.6778,0.390685,0.733098
532,14.2472,2.25847,0.328021
533,14.2794,3.72013,0.0572182
534,14.217,1.94157,0.815186
535,14.7993,6.93549,0.0576214
536,27.3599,4.44186,0.0860114
537,15.4801,2.30642,0.28848
538,32.4756,2.41066,0.386121
539,15.7296,4.22124,0.506399
540,17.7498,4.14027,0.0806928
541,21.1259,0.890087,0.494011
542,23.8943,1.09206,0.725017
543,25.298,4.65778,0.0747311
544,15.1253,1.72108,0.254828
545,18.7248,5.99508,0.790053
546,16.9703,2.17378,0.128149
547,19.4461,3.47268,0.118331
548,14.4249,2.90398,0.108203
549,14.4519,6.1636,0.0667296
550,32.3699,2.68357,0.0892576
551,23.1155,7.84333,0.257963
552,23.3771,5.9328,0.0167833
553,14.3122,1.13655,0.682925
554,14.5077,3.84698,0.614359
555,14.4363,1.32304,0.718155
556,15.7907,0.0617823,0.890903
557,16.146,4.5993,0.0220427
558,17.8202,1.97212,0.253089
559,14.2644,4.55429,0.453176
560,17.6864,3.06384,0.369966
561,19.1634,6.68029,0.00905597
562,14.2475,0.516983,0.810319
563,15.7188,7.29681,0.654849
564,14.8504,0.964433,0.397572
565,31.665,3.93299,0.0488209
566,16.9458,0.687658,0.718201
567,15.3739,5.39029,0.0429892
568,22.0766,3.45369,0.0358005
569,14.5468,5.44553,0.375951
570,31.6767,3.74982,0.10441
571,16.5223,5.50956,0.513858
572,26.0919,1.64991,0.197547
573,16.2914,0.929622,0.431912
574,22.794,0.727132,0.611976
575,14.3749,0.246798,0.901772
576,16.2786,6.1087,0.731428
577,14.8636,0.678179,0.552864
578,15.2569,5.53423,0.0935645
579,18.0005,5.96207,0.162477
580,14.8606,5.29271,0.263393
581,15.9363,3.576,0.596907
582,15.5395,0.900772,0.42747
583,17.0812,2.17505,0.299908
584,14.2495,2.46408,0.392192
585,14.1843,0.6919,0.642029
586,15.1944,0.351682,0.891472
587,15.4869,5.35782,0.0236828
588,17.2651,3.35306,0.140135
589,18.2429,1.50481,0.321522
590,16.6887,1.16309,0.818923
591,16.8048,2.90434,0.273768
592,14.2619,2.14114,0.127934
593,14.3273,2.18446,0.14292
594,23.1489,5.15267,0.0861875
595,22.4769,0.79606,0.455572
596,18.2151,1.83286,0.388927
597,14.3052,4.30262,0.0311457
598,17.0546,0.837427,0.575194
599,17.0534,3.74113,0.189696
600,18.4292,5.5492,0.0845277
601,15.0383,2.8308,0.322418
602,16.6594,0.542325,0.563909
603,14.9747,0.293559,0.797827
604,19.3417,2.28791,0.455772
605,14.4586,3.92169,0.470914
606,23.4978,2.07776,0.179125
607,15.3088,1.44839,0.381432
608,16.808,3.51699,0.432233
609,15.1584,7.071,0.0780928
610,15.5468,2.49728,0.722808
611,32.7948,1.34123,0.278712
612,18.7443,3.34311,0.143035
613,14.4371,0.528462,0.606133
614,17.0702,0.569923,0.806675
615,16.0737,0.28547,0.752851
616,21.2973,4.57063,0.540659
617,19.8003,3.30467,0.0440507
618,17.2596,0.488706,0.682532
619,14.9767,2.59987,0.091865
620,15.7931,0.414267,0.726626
621,18.8051,3.89374,0.191687
622,17.2362,3.97994,0.385644
623,15.8514,0.0456065,0.991017
624,16.2571,0.819149,0.528377
625,16.723,6.48713,0.725241
626,16.9736,0.486956,0.634946
627,16.3187,1.23147,0.610475
628,24.9698,1.28874,0.407599
629,22.1788,3.75542,0.451522
630,18.062,1.2858,0.301889
631,15.4132,0.146834,0.822505
632,17.7865,2.67003,0.121991
633,15.4573,0.251015,0.798331
634,15.0735,2.55695,0.201275
635,15.6178,5.19954,0.0289944
636,14.6114,5.08868,0.59325
637,16.4782,0.545266,0.863661
638,15.6708,2.56989,0.088591
639,14.2712,4.64359,0.245458
640,15.5666,1.69205,0.663307
641,15.9083,3.74667,0.966261
642,23.7603,5.67608,0.500649
643,15.6423,2.24965,0.283679
644,23.6564,0.305974,0.855381
645,16.598,2.53515,0.0858629
646,15.1872,0.330972,0.919095
647,16.819,3.86466,0.052209
648,23.954,1.23453,0.317174
649,14.692,5.72273,0.926957
650,14.4315,0.474936,0.894726
651,27.1546,5.12825,0.555605
652,17.396,8.22365,0.219584
653,28.8215,2.72374,0.170046
654,17.925,5.64051,0.764293
655,15.2966,5.71027,0.894846
656,15.9892,5.49504,0.305453
657,14.6856,3.21592,0.57849
658,15.4639,2.54441,0.104965
659,14.5008,1.42805,0.679689
660,15.9861,2.72142,0.119821
661,19.4649,5.1252,0.343827
662,29.496,8.01249,0.242377
663,26.2934,1.59423,0.243015
664,15.4019,3.26552,0.142346
665,23.6725,1.21535,0.654947
666,16.3832,3.8023,0.0314628
667,16.1928,6.18284,0.016791
668,16.3248,4.58262,0.0318838
669,18.85,6.64964,0.0978892
670,17.3102,3.26174,0.292033
671,27.319,0.377535,0.730302
672,14.2361,2.53876,0.140821
673,22.3193,1.45277,0.267298
674,14.6219,3.36582,0.288881
675,16.0743,2.36926,0.14103
676,14.3733,3.60687,0.400861
677,14.6868,1.81715,0.309154
678,16.4114,1.38022,0.404484
679,15.206,2.69708,0.252825
680,15.3106,1.58017,0.572313
681,17.182,6.86892,0.292213
682,17.7368,0.13512,0.852937
683,15.2723,0.180968,0.822023
684,16.2369,7.37127,0.0843212
685,21.2128,3.1065,0.229586
686,14.9906,0.143664,0.873593
687,15.3771,1.25246,0.289283
688,15.2733,6.43577,0.0130746
689,17.8725,1.01309,0.351533
690,15.7174,1.32787,0.396895
691,18.8847,8.62433,0.0159311
692,16.9077,2.24925,0.72615
693,20.3619,0.302481,0.849747
694,17.6358,1.7,0.952393
695,14.3954,0.301213,0.759499
696,14.7917,0.15779,0.970361
697,14.872,1.33173,0.264972
698,17.4912,0.510854,0.774875
699,18.3004,2.29056,0.147469
700,15.4554,6.84872,0.191053
701,17.9368,0.96746,0.38784
702,15.5268,2.70336,0.0808063
703,16.3071,2.40962,0.161522
704,15.6662,0.155084,0.919514
705,15.6281,5.05591,0.0340653
706,19.2294,0.428826,0.680887
707,14.4361,2.90473,0.10523
708,20.3806,3.35699,0.293388
709,14.8381,0.657482,0.529077
710,25.3368,5.16676,0.304321
711,18.6344,3.98852,0.378478
712,29.9183,4.17424,0.206407
713,17.5156,1.7358,0.189363
714,14.2789,5.52678,0.0907137
715,14.8867,3.2193,0.0877341
716,17.7795,1.55926,0.262479
717,47.7051,2.11996,0.69364
718,18.2004,1.55191,0.22727
719,23.1627,7.73935,0.0147253
720,15.284,3.60065,0.03783
721,14.555,0.188882,0.944467
722,16.1313,0.748214,0.704958
723,14.2764,0.580477,0.707919
724,14.5309,1.52184,0.301517
725,18.3401,1.97234,0.520245
726,26.4041,2.93037,0.375924
727,16.3611,3.23938,0.210727
728,15.5639,4.1366,0.361849
729,18.2644,4.02776,0.0300034
730,28.2076,4.93981,0.0198555
731,14.6698,3.72026,0.192699
732,14.2646,4.78359,0.509314
733,16.4727,1.10119,0.357197
734,16.1205,8.25692,0.0589435
735,18.0535,1.69382,0.211065
736,14.3111,6.54112,0.0491024
737,16.7615,0.886083,0.870141
738,14.787,2.8774,0.0731936
739,16.9667,0.543203,0.626226
740,16.7557,2.74597,0.114634
741,20.1662,2.42378,0.0945435
742,21.953,1.19842,0.40498
743,14.3316,2.35567,0.910912
744,20.0917,5.56832,0.0447359
745,17.4347,0.10144,0.993327
746,16.2437,3.37304,0.108705
747,15.7473,3.58118,0.0638468
748,15.4712,2.36977,0.590307
749,23.5103,6.48792,0.184893
750,19.3319,1.2896,0.402288
751,17.8111,6.69632,0.18452
752,19.1799,0.0346776,0.966345
753,14.8227,1.05818,0.473008
754,15.9424,0.399289,0.804471
755,16.6814,3.10469,0.0571575
756,15.7817,1.51555,0.810854
757,15.0745,1.51362,0.2573
758,25.1005,1.19458,0.392091
759,15.3836,0.253976,0.838911
760,14.2365,1.16778,0.326993
761,16.2774,4.47682,0.029843
762,14.205,7.63405,0.0829734
763,15.2654,2.42371,0.106018
764,15.8237,10.4253,0.00876967
765,15.6522,1.29506,0.293939
766,17.367,3.07413,0.0671442
767,18.4001,1.78717,0.787106
768,15.9747,5.29712,0.0458547
769,14.2175,0.884806,0.510676
770,26.4818,4.38036,0.136588
771,18.7791,4.40586,0.0299788
772,17.8322,4.63877,0.204614
773,16.0018,2.96431,0.300152
774,14.5814,5.97732,0.0130266
775,16.9665,1.89864,0.240653
776,17.4961,5.84135,0.479613
777,21.7246,2.31594,0.141263
778,15.1499,9.29729,0.0104598
779,15.4444,1.4671,0.505527
780,40.0541,4.81377,0.659689
781,14.8,4.98098,0.052924
782,16.4827,1.84541,0.261133
783,16.2895,1.60923,0.525745
784,18.9093,0.935779,0.792356
785,15.4341,0.0471571,0.9365
786,34.0853,0.968825,0.741662
787,14.2591,0.0730872,0.960554
788,15.3264,2.07929,0.453935
789,25.6284,1.12416,0.490994
790,14.8284,1.95663,0.215946
791,25.2434,0.914376,0.905581
792,16.4704,0.713823,0.626467
793,14.55,3.23444,0.112472
794,14.2735,2.27813,0.603249
795,14.7656,3.75861,0.0675555
796,15.4207,1.41616,0.372631
797,18.8372,0.814197,0.821448
798,16.249,5.11133,0.0652125
799,19.8059,1.99936,0.17808
800,14.4287,3.16857,0.103721
801,14.4829,2.58398,0.335673
802,18.174,2.53453,0.389171
803,14.4363,0.584271,0.982704
804,26.3062,0.768178,0.447452
805,15.5195,1.76198,0.268043
806,25.0057,0.774695,0.585365
807,15.4404,8.10767,0.173837
808,14.3368,1.81905,0.206082
809,14.7042,0.0419081,0.965259
810,14.1656,5.54403,0.02737
811,22.8671,0.861044,0.471431
812,17.3617,3.05712,0.35389
813,16.4421,1.51741,0.240278
814,18.9095,2.38161,0.167274
815,14.9366,0.577765,0.588307
816,21.464,3.64156,0.11506
817,22.9844,0.546894,0.83485
818,14.3973,2.5101,0.148941
819,21.96,4.42984,0.180169
820,16.1218,7.78755,0.107209
821,14.3626,4.65716,0.0543434
822,18.58,0.82268,0.489214
823,17.1339,1.36957,0.568157
824,16.4783,2.53757,0.310587
825,16.3753,4.77546,0.730633
826,17.0168,1.61716,0.263297
827,20.1319,0.556361,0.666019
828,18.1072,1.1717,0.569321
829,17.1492,3.13607,0.271989
830,17.5339,0.223132,0.809854
831,31.6298,4.719,0.0238229
832,15.4465,0.0746426,0.924866
833,19.6682,1.65675,0.460975
834,18.1344,4.52948,0.323438
835,17.0202,5.34161,0.0554894
836,16.3094,0.619226,0.498221
837,15.276,6.5751,0.0930279
838,16.5897,3.92032,0.0391265
839,23.8867,0.775974,0.72616
840,16.5067,4.04688,0.0294142
841,17.081,0.450771,0.642206
842,18.4932,5.12879,0.312976
843,15.3691,2.63803,0.134925
844,25.0494,1.81579,0.229466
845,15.8289,3.55124,0.367324
846,14.503,3.70734,0.0431357
847,15.1068,1.73515,0.396864
848,17.2682,3.49255,0.0891416
849,15.3209,1.70937,0.216917
850,17.6109,0.895554,0.441609
851,18.5991,5.62805,0.0988092
852,22.2879,1.88473,0.190842
853,18.0584,0.731244,0.903444
854,16.2045,1.68953,0.200829
855,14.4301,2.32796,0.336106
856,20.955,3.39983,0.420123
857,14.7411,5.03485,0.03878
858,15.8208,0.00579628,0.995441
859,15.4494,2.91588,0.520041
860,34.8789,4.2316,0.202851
861,15.1918,2.46228,0.382699
862,22.2756,3.85581,0.0503794
863,15.5964,6.14893,0.0114643
864,15.9721,3.73222,0.0393295
865,16.1223,0.469095,0.757835
866,18.2639,1.72846,0.209009
867,26.3373,1.40545,0.2842
868,20.0292,1.38627,0.284808
869,14.633,2.12221,0.215222
870,14.2467,0.704701,0.603152
871,15.0003,1.55564,0.353782
872,15.1002,3.44343,0.0539382
873,15.0967,2.408,0.343694
874,14.6759,2.96651,0.0647135
875,25.342,7.51816,0.110343
876,21.9715,2.03213,0.55238
877,14.9526,3.93346,0.0371676
878,14.1815,1.29665,0.498719
879,19.8946,5.89874,0.0143427
880,16.5745,1.22309,0.573956
881,14.8422,5.36783,0.152531
882,14.19,0.600253,0.615329
883,14.3849,1.64473,0.372596
884,16.0057,5.03674,0.433858
885,19.3493,0.63026,0.629013
886,19.5501,8.69828,0.0084526
887,18.4177,3.81626,0.7917
888,16.9488,4.78232,0.0347426
889,14.4418,0.241538,0.888427
890,15.2203,2.88865,0.212496
891,15.9802,1.61363,0.194134
892,17.622,1.2457,0.316304
893,14.2206,5.65362,0.945165
894,15.634,3.80379,0.0325467
895,15.8059,3.87633,0.1632
896,14.2257,0.848452,0.860504
897,14.3731,1.50917,0.302209
898,15.7458,0.649016,0.647588
899,32.652,1.60289,0.243704
900,14.7053,0.329125,0.816024
901,18.6313,2.04602,0.65551
902,17.1383,0.834271,0.440758
903,15.2331,2.24456,0.294955
904,14.7338,8.48902,0.111078
905,15.7483,6.80873,0.202816
906,14.5332,3.43541,0.106833
907,14.7529,3.92192,0.117836
908,15.1511,2.56556,0.31123
909,14.3817,5.3919,0.0516195
910,14.9875,0.630621,0.606506
911,16.9728,0.929638,0.488069
912,14.7494,4.17961,0.107182
913,15.2923,5.46817,0.0686749
914,15.9105,0.30539,0.859075
915,14.3363,0.985762,0.568346
916,14.2715,1.76744,0.851926
917,38.6631,7.15516,0.0133648
918,15.8816,3.93686,0.531895
919,18.9747,2.36394,0.170925
920,17.0266,7.07533,0.109259
921,23.4456,5.20419,0.0779362
922,15.2271,5.47459,0.0482703
923,15.941,1.06557,0.559387
924,14.4239,7.39287,0.0819149
925,16.42,1.38692,0.885601
926,15.6851,2.89405,0.452726
927,18.3641,0.809359,0.804393
928,20.5941,2.29249,0.122629
929,19.5464,1.42418,0.275142
930,18.5717,0.571801,0.605587
931,22.0621,3.96074,0.691278
932,16.1786,5.58747,0.63332
933,16.2493,2.2344,0.239744
934,19.7016,1.81676,0.213536
935,15.433,0.906159,0.475226
936,17.0016,4.26635,0.0482252
937,15.6441,0.503484,0.946999
938,17.2276,1.75628,0.175023
939,14.8634,6.96849,0.110303
940,16.217,0.0892353,0.863262
941,14.6104,0.00705968,0.981819
942,17.0938,1.25146,0.380257
943,15.5448,2.52841,0.457222
944,25.1695,8.35807,0.913984
945,14.9451,0.566354,0.978983
946,17.7749,0.40259,0.699097
947,15.6194,5.09923,0.631921
948,16.3205,3.12583,0.0673838
949,14.3654,1.14337,0.327096
950,30.0498,0.136859,0.871787
951,15.1949,2.31283,0.227493
952,16.2525,8.45244,0.0343212
953,15.3013,2.09337,0.137507
954,16.6163,2.72989,0.078713
955,18.8063,3.2328,0.127865
956,17.6727,0.124969,0.874414
957,14.1431,3.75096,0.368216
958,37.9016,6.73218,0.532827
959,17.686,4.12507,0.119381
960,16.304,2.40392,0.184948
961,14.7202,3.38458,0.501027
962,16.5626,1.40383,0.311501
963,14.4714,3.30353,0.161554
964,19.0455,3.54733,0.0408505
965,14.1578,4.73782,0.0232729
966,16.298,6.65148,0.772018
967,15.5605,0.981206,0.385394
968,15.282,7.58958,0.0742427
969,15.8154,5.76721,0.120159
970,36.1001,2.61273,0.271507
971,21.2662,3.10675,0.147961
972,14.7068,1.42998,0.232878
973,14.4293,1.42042,0.251546
974,14.6514,1.01817,0.770092
975,14.2572,0.598302,0.661035
976,16.9761,7.44236,0.167993
977,15.2357,2.09911,0.12907
978,18.2173,4.84166,0.130566
979,17.4541,2.31683,0.921683
980,14.829,2.97867,0.398498
981,15.8043,0.691952,0.487293
982,21.5288,3.43496,0.312927
983,19.9259,3.57535,0.0482661
984,16.1037,1.54807,0.331398
985,14.2472,0.164344,0.996992
986,17.4863,4.07644,0.023878
987,14.1794,2.95171,0.110573
988,18.2511,4.96736,0.306362
989,17.0362,3.35833,0.43329
990,16.1566,3.01572,0.30699
991,15.9962,2.03773,0.433349
992,16.0723,4.88327,0.57071
993,14.3764,2.26648,0.119004
994,14.4445,1.58622,0.206902
995,15.6019,5.29512,0.0352956
996,17.8584,5.90763,0.06331
997,14.3339,1.68766,0.226965
998,16.0234,0.127289,0.931636
999,17.3341,4.80018,0.0511993
